    0.57    0.91    0.12
    1.01    0.79    0.16
    1.57    0.71    0.25
    2.02    0.69    0.38
    2.48    0.60    0.41
    3.05    0.51    0.52
    4.01    0.41    0.59
    4.98    0.34    0.62
    5.50    0.31    0.65
    6.02    0.29    0.69
    7.04    0.25    0.71
    7.49    0.23    0.76
    8.03    0.19    0.78
    8.49    0.16    0.77
    9.43    0.13    0.82
   10.11    0.11    0.81
   11.31    0.09    0.82
   11.89    0.07    0.83
   12.56    0.06    0.82
   13.74    0.05    0.81
   14.92    0.05    0.80
   16.05    0.04    0.79
   17.23    0.03    0.77 